Middle 1 (Segment 1):

tiesK_A:
[[511.79814291 673.8368187 ]
 [511.79814291 673.8368187 ]]
tiesK_B:
[[  1.44052602 632.51695251]
 [454.73059702 645.03516769]]
tiesL_A:
[[508.93065548 718.17666626]
 [508.93065548 718.17666626]]
tiesL_B:
[[  1.78549895 684.57934189]
 [790.36097717 860.59860229]]

Middle 2 (Segment 10):

tiesK_A:
[[360.33027005 400.63525391]]
tiesK_B:
[[  1.29064639 347.71212578]]
tiesL_A:
[[368.31814599 310.3681488 ]]
tiesL_B:
[[  1.3189755 249.6348629]]

Middle 3 (Segment 14):

tiesK_A:
[[418.96147299 294.32416725]]
tiesK_B:
[[  1.31611763 224.06283379]]
tiesL_A:
[[591.4937396  191.49860573]]
tiesL_B:
[[ 1.18542429 69.08808517]]

Middle 4 (Segment 18):

tiesK_A:
[[511.79814291 673.8368187 ]
 [511.79814291 673.8368187 ]]
tiesK_B:
[[508.93065548 718.17666626]
 [  1.44052602 632.51695251]]
tiesL_A:
[[454.73059702 645.03516769]]
tiesL_B:
[[  1.69035072 612.43669891]]

Descriptors s023 and r023 not normalised:

[[1.55580586 1.59453396 0.23459748 0.23414897]
 [1.55580586 2.1262473  0.23459748 0.16117345]
 [2.44629955 1.59295874 0.41237402 0.2433947 ]
 [1.53988675 1.59295874 0.24292937 0.2433947 ]
 [2.41247323 2.66095244 1.87058111 0.96670256]
 [1.55580586 1.59295874 4.2626203  4.10855284]
 [2.29699901 1.59453396 1.69750581 4.27078538]
 [2.29699901 2.56240404 1.69750581 0.68833722]
 [1.53988675 1.59453396 4.1164228  4.27078538]
 [1.53988675 2.56240404 4.1164228  0.68833722]
 [0.59844533 2.12591849 0.56194226 6.20449615]
 [0.59844533 2.56273285 0.56194226 1.45277638]
 [3.14098383 2.12591849 0.85159413 6.20449615]
 [3.14098383 2.56273285 0.85159413 1.45277638]]

[[1.57025995 1.53211015 1.50315693 1.56337249]
 [0.86324517 2.01749792 3.26254988 3.75397283]
 [1.63993666 2.01749792 4.12214699 3.75397283]
 [1.63434993 2.13178691 0.22667735 0.17480245]
 [2.10124066 2.13178691 1.31942101 0.17480245]
 [0.4811207  2.01749792 0.62486173 0.26638445]
 [1.41717716 1.53211015 1.50997828 0.63964283]
 [1.5171003  1.60798456 1.48368307 1.51701615]
 [1.5171003  2.65222811 1.48368307 4.04845135]
 [1.52960224 1.91191524 4.57189656 4.24521715]
 [2.10124066 2.02297264 0.7579082  0.37471517]
 [2.10124066 2.65222811 0.7579082  0.24700803]
 [0.46689073 2.02297264 0.17180062 0.37471517]
 [0.46689073 2.65222811 0.17180062 0.24700803]
 [1.75399781 1.41717716 0.82243146 0.66226118]]


Descriptors s023 and r023 normalised:

[[0.49522838 0.50755592 0.03781088 0.0377386 ]
 [0.49522838 0.67680554 0.03781088 0.02597688]
 [0.77868133 0.50705452 0.06646374 0.03922876]
 [0.49016118 0.50705452 0.03915376 0.03922876]
 [0.76791408 0.84700747 0.301488   0.15580678]
 [0.49522838 0.50705452 0.68702119 0.6621896 ]
 [0.73115749 0.50755592 0.27359285 0.68833718]
 [0.73115749 0.81563854 0.27359285 0.11094168]
 [0.49016118 0.50755592 0.66345803 0.68833718]
 [0.49016118 0.81563854 0.66345803 0.11094168]
 [0.19049106 0.67670087 0.09057017 1.        ]
 [0.19049106 0.8157432  0.09057017 0.23414897]
 [0.99980621 0.67670087 0.13725436 1.        ]
 [0.99980621 0.8157432  0.13725436 0.23414897]]

[[0.49982927 0.48768581 0.32878192 0.34195273]
 [0.27477947 0.64218953 0.71360973 0.8210975 ]
 [0.52200805 0.64218953 0.90162735 0.8210975 ]
 [0.52022974 0.67856885 0.04958059 0.03823412]
 [0.66884568 0.67856885 0.2885938  0.03823412]
 [0.15314547 0.64218953 0.13667451 0.05826563]
 [0.4511015  0.48768581 0.33027394 0.13990755]
 [0.48290802 0.51183738 0.32452245 0.33181331]
 [0.48290802 0.84423043 0.32452245 0.88550808]
 [0.48688751 0.60858152 1.         0.92854619]
 [0.66884568 0.64393219 0.16577545 0.08196055]
 [0.66884568 0.84423043 0.16577545 0.05402748]
 [0.14861593 0.64393219 0.03757754 0.08196055]
 [0.14861593 0.84423043 0.03757754 0.05402748]
 [0.55831484 0.4511015  0.17988847 0.1448548 ]]

