5.376270666510483132e-01 4.893895204242135755e-01 8.401807961126190882e-01 2.229787485657287738e-01
5.040781114675381147e-01 4.893895204242135755e-01 5.316254726780639261e-01 4.993248928357280625e-01
4.699464411150254817e-01 5.040781114675381147e-01 4.714619165707296111e-01 2.094309724689408791e-01
4.699464411150254817e-01 5.242065672390863185e-01 2.361565925453154025e-01 2.620336778243079201e-01
5.376270666510483132e-01 4.684852056156764699e-01 1.325177155290553077e-01 1.327078304690980648e-01
6.168685243827004561e-01 8.787370636073108532e-01 2.833670996087686578e-01 8.864640010424341965e-02
6.425742862047376658e-01 8.749733062746377632e-01 1.000000000000000000e+00 9.576323423627326747e-02
1.287270918535151354e-01 8.749733062746377632e-01 7.443646075188420363e-02 9.576323423627326747e-02
5.767424098480700145e-01 8.240064542799564740e-02 1.650083608598651164e-01 8.027114914669704338e-02
5.440804051364344085e-01 7.217453854351096876e-01 3.971543798758572219e-01 3.840481865357985858e-01
